3264
3739
6737
15324
502
2682
1230
2066
2618
6256
6344
8506
2747
7126
16200
7497
3675
10156
5657
9139
13055
7553
7428
15886
14769
8771
12832
98
7487
16965
7428
3793
40
2663
8499
10784
4273
3449
12909
2682
14411
3750
3679
15104
14638
5581
10063
4394
13
9139
6991
3625
3346
2682
11990
16909
5398
13564
3750
11710
11990
8673
2412
10784
16024
3750
9292
7016
16456
4417
15706
502
205
9549
15661
2691
13564
887
14871
16789
8506
16076
17144
17220
4598
6399
14843
6539
7310
887
6991
6407
8694
16013
15166
8694
15324
7658
15536
14773
8480
903
1767
5396
982
14843
10351
10749
205
2412
6264
6399
6991
12406
10784
3750
887
13755
458
17203
13564
2142
7016
1351
14518
3866
7446
6539
6399
2349
14843
15226
9767
17242
8455
13729
2682
15103
3656
3889
9332
6539
6752
7170
8499
14299
13414
205
8775
15324
12706
11936
12169
6344
5600
8286
887
40
2412
887
4482
2682
9566
3244
9379
8723
4909
11371
5396
15835
14638
753
2682
13192
16036
10292
13755
10975
10266
9642
16430
11654
14773
164
10156
11148
2520
12080
7658
164
5396
7658
6539
17673
8775
6811
15279
5479
6890
9196
10156
5449
13947
1309
4414
8286
17599
3744
13365
16799
9344
2412
13708
8286
4129
2939
1551
8673
14843
9453
15103
1230
10499
1135
6168
7665
15683
4294
5311
7016
15226
16155
15661
59
13755
9139
12127
14843
11595
6539
546
7658
13564
2589
17436
14638
2363
12589
10784
16369
2526
7306
6477
12812
2412
10266
6737
8779
15835
13330
4373
5119
12453
11155
2142
7162
16965
9979
15072
8607
16692
7162
2393
7658
8506
11148
7658
3675
11155
16511
2066
13899
12080
10804
10288
13
9250
16799
5108
8775
8210
164
14843
6991
15220
2682
17510
4908
3750
10266
6522
11453
7052
14638
14349
15247
17702
205
8607
15314
7126
14638
887
164
6522
8499
15314
164
10352
8779
2142
4395
3060
7018
2159
17220
14843
3856
11672
17515
16013
11847
11876
7052
10305
13356
13
3750
9428
4134
11344
887
15521
1785
9979
1531
1078
887
17556
2142
15714
7497
17148
2397
205
14743
9529
11990
4621
5321
4707
6539
10266
7658
15314
164
3425
4395
4498
13297
980
15879
13773
13288
7162
11155
8723
7658
13315
7658
4129
10266
6539
7658
15226
7446
10784
2142
1230
11344
164
2412
17571
6737
11595
3652
10749
5349
12363
12691
15247
15428
3750
887
8779
14843
14843
861
4294
14638
13
2682
14190
15428
2412
3750
13297
14395
13315
10288
205
5281
8506
1767
8499
12418
15763
15768
13773
8895
14843
11753
15328
10305
13708
5259
3750
7162
11344
1579
8286
4273
5830
8811
4294
4273
887
4806
887
7658
3004
10490
4785
2066
887
11148
2716
14843
17337
14843
7658
14638
8680
15226
11476
10784
2412
51
17413
732
8210
1951
9793
2682
7126
7568
164
10749
8779
132
7532
15226
3750
15914
5657
648
14318
1551
5849
11109
10336
14130
1230
887
14238
15428
16246
10784
158
7658
