16708
9371
13740
20559
39695
34798
4286
42301
50686
41198
41661
18425
26769
10530
6863
23738
14507
19017
33734
1923
4081
17218
19493
44608
45836
4562
14110
26666
53520
2077
15440
16934
49871
1018
28848
32348
54139
51835
22130
4013
58100
19827
17955
53058
12199
54585
44413
54811
55177
42660
20469
15955
34185
44234
47421
39338
51731
41602
7164
39214
49316
34865
32202
433
32476
35699
15795
35137
56835
55737
13537
36005
48298
735
41995
11071
57825
15857
58466
51714
8144
26461
33997
44962
23896
52134
43760
27276
37558
24003
31369
1592
41486
48659
12977
8532
58237
55844
42799
5005
1770
3644
45112
48808
20800
6213
57659
26479
52230
476
10061
59201
54065
1702
44394
29299
21313
23680
51282
1804
50423
11226
37077
10633
34837
58737
23858
29526
29742
9668
32524
36723
23839
55780
23539
17809
21790
12438
45045
2684
36550
18126
50732
7652
55404
13861
52894
50197
11002
59690
13433
36636
41960
47541
49261
5602
14742
16323
44424
49917
42412
22222
58927
56811
34817
7277
54222
22705
39378
57214
44554
5859
10060
3548
46943
55694
12953
21867
44184
2143
45100
6283
53890
28627
32389
35059
31453
44706
26697
18848
29492
50396
53780
23653
29633
1431
16693
10721
6452
56379
3819
35324
34569
28274
57007
4898
19285
39226
31203
37846
44811
25381
54557
24735
23056
41608
48451
18782
58752
36861
35394
54161
40410
25973
29240
42266
52735
36596
8400
49836
26190
8991
36660
17469
30776
36154
59548
16720
51938
14719
43330
19242
26099
34414
32008
46063
4271
10459
42096
17023
2678
25318
55252
25520
7190
12831
29338
57309
42724
13382
44866
58785
59909
34513
10054
1208
22245
56687
54252
51883
29642
42969
43965
50339
13172
49454
51955
21005
13461
9425
37399
35891
17219
12480
32483
25917
1729
27808
25557
53140
43606
55073
35931
12750
36861
27055
5459
27573
38625
6019
18232
30656
45013
57251
43340
18506
31097
54094
16674
49307
8826
54193
58949
39796
30948
8649
27490
20583
23030
12131
22374
43586
50002
20634
31415
5257
17894
33473
46138
5756
14430
1578
42315
56018
52713
43719
35681
32764
27893
16416
12750
49249
44922
50774
12785
19913
55236
11771
30047
38435
59511
54453
47798
40972
42494
55438
6115
32954
24430
16418
58600
59134
29977
59517
32226
33356
37477
29235
13433
23454
18600
3084
13171
31875
32311
36563
41671
20368
7526
10400
49857
58482
5700
13757
25843
5876
23677
50105
37796
50855
29830
15666
51893
17265
48204
9889
33652
1489
40224
36743
13401
54295
21743
18118
25992
57135
23653
58138
18111
36992
18018
59234
1472
39963
14205
44806
5270
44684
56284
19768
36708
29301
776
5964
49522
36243
44755
32707
9711
38045
27505
48063
1216
41751
48009
5951
6090
12180
54271
38730
16475
43257
5141
22146
54376
53764
42975
14935
50322
1465
17018
59055
18519
27174
51764
33556
28736
21370
17964
33268
32812
30763
36964
474
32563
41942
6861
47095
51190
52774
52983
49121
16224
28553
43929
7745
30333
37350
30822
29024
16208
27711
37048
29507
56155
23762
41022
32402
126
56231
5101
9532
9328
53685
12413
24179
27368
1116
7870
37201
17883
12576
21385
11644
50528
47433
22269
45799
6640
34843
42687
17935
54404
3075
43897
57194
6719
55338
36784
25050
37690
58528
3684
42599
30801
4228
20750
45100
2224
21657
15582
10138
55465
26410
1942
24271
37718
59367
53216
22621
20408
38512
1381
24631
34937
18404
33417
5938
20244
29119
1852
40419
30271
17397
12241
49516
22863
3087
29452
41457
9964
13917
39498
782
8103
49936
54127
40994
43033
34447
41090
16551
36191
49781
5609
52581
47629
21994
16660
9737
15809
42087
11704
13884
19842
13304
15625
22626
50262
41240
30569
36931
33535
8513
33672
33419
1761
5215
19554
57766
9386
28962
50359
29349
35348
47091
13504
56769
59245
33470
53582
11795
27865
7808
14220
47992
22594
51582
4119
34540
13636
33921
24487
8693
26759
49548
11344
45215
37072
33552
1410
16703
16086
5112
51419
14273
5867
40419
34276
28535
46186
37519
30949
36023
50129
20286
20122
43286
6501
19293
46454
48133
15252
52820
52983
309
55818
626
58746
35619
2627
5550
56687
2164
21005
46866
6640
3702
56530
36947
31968
48715
43873
59287
22514
42648
1402
35682
29825
38708
3290
41352
31819
16145
36048
18927
28033
56702
54268
28583
32348
17898
53516
19283
43409
15323
46015
18882
24624
25318
49187
13665
6118
3850
32775
6123
35590
48898
18966
46335
6415
8990
57490
21272
44103
13023
3407
18461
28178
49464
55393
45192
13411
46033
25524
387
9584
41967
19074
17674
37956
53095
47420
44032
48690
28779
45493
26169
32653
30608
3010
32301
11794
53788
52988
55145
18804
15316
28064
55972
31033
12202
52607
17886
50020
36127
22940
29271
5258
11298
10726
38511
50127
12662
44588
14019
52596
59391
28456
6548
1176
6213
19701
37082
32499
47019
40185
21126
32867
29108
49695
18024
19838
39003
16965
20026
33101
10329
13373
14271
14376
19505
34939
34192
52609
10838
59294
39063
32666
33393
25381
22847
37847
40606
38106
2871
29500
59802
14844
59459
30549
35203
27646
31083
28616
17454
29923
31354
31272
44758
55507
26107
39010
26061
12991
18747
30110
47162
56675
11022
44579
41169
1443
34789
18958
41980
35422
7155
21923
36684
6300
12437
30146
49955
35443
24655
29145
28667
55329
31378
38555
6632
28052
39545
54809
41014
57556
1935
16703
53295
50736
6440
1575
46632
38121
34592
40398
17535
24641
22796
51387
59320
54567
796
16737
10990
41388
27785
10407
9586
56049
58600
40723
50363
38069
38756
13450
51447
56139
41092
4159
24098
2234
292
23904
41277
33106
10915
46990
45122
4616
18470
48450
42699
35459
2358
18252
40862
9065
52032
46160
47085
53685
6282
31450
52230
34279
40734
42805
53544
7396
15499
46433
50052
8905
53326
50886
43706
4203
42927
8321
32403
20803
47081
46488
26508
53888
14099
57591
32132
2850
15454
22030
25462
49181
28851
13345
505
58338
10368
23161
43086
30867
30570
49519
44419
48250
42358
38000
25590
31276
40792
14807
42322
10850
38672
16456
31574
3938
4115
48531
43533
39340
6019
2476
24219
13599
33213
50987
18434
20268
7570
23096
7775
49852
20702
8639
49846
33248
12215
1162
41485
46174
54945
32407
45333
39465
58030
2813
4890
