38109
2207
42578
20559
56897
53248
55916
26138
37191
47114
41661
19481
41975
19296
13790
24138
14507
40385
48346
35138
4081
9850
24481
363
30644
38684
11378
42553
48704
19062
18542
15757
19025
1018
3842
18499
35742
51835
20106
32843
26171
19827
17955
23647
37777
44349
28641
42313
27332
14070
3943
15955
34185
40602
56953
41262
36554
41602
7164
39214
10172
40334
32202
10159
34976
35699
55205
14202
46435
19203
26254
31131
23593
6031
38508
11071
2943
55946
3324
36974
8144
41109
6714
13998
38936
49186
11508
20082
57425
29651
42524
22928
49498
15665
6717
22680
15275
59170
29606
5005
9036
55285
59655
8528
20800
38801
6506
5465
52230
476
56581
8754
35375
30625
26342
38542
30824
35916
6052
51936
25146
41706
31005
54378
42664
19359
17136
9341
19416
52959
26120
36723
42498
43188
23539
39877
38430
12438
56551
44598
10324
59893
8536
49682
5454
44933
14295
26007
11002
21315
1348
11383
41456
9000
22889
51150
14664
6761
33250
51120
42412
51536
58936
2605
37237
40571
8356
27336
43610
29036
58264
26551
36084
52124
46768
55694
40880
23635
42016
55495
30207
28919
40308
36243
57398
37036
41499
31871
2595
57595
43385
44055
44016
7625
56933
15111
46675
29512
5552
23640
10071
35324
43859
1302
44070
4898
46463
52157
57559
42679
32851
19027
27310
24735
29029
41248
7566
18782
44040
719
25736
54161
11961
30903
33280
39440
13641
20562
8400
49836
26052
8991
36660
37663
29996
36154
18506
58212
3849
1620
43330
30035
26099
34414
54516
7936
4271
51129
40091
58261
42174
4447
23876
25520
7190
12831
18267
51135
55178
53208
9423
21079
49654
39985
40742
25719
52027
34799
36921
24889
20966
42969
40366
32168
11036
51118
38779
21005
13461
53495
11720
38537
27495
12480
20594
45199
35648
38886
25557
7042
43606
55073
34451
22844
12071
27055
57319
6409
43806
3321
18232
23958
46042
57251
22900
15517
25736
44776
16674
43713
22906
18560
48638
42904
19280
8649
56473
20583
24470
50901
54756
40777
47551
13129
35243
23354
1903
41943
10342
58320
50992
15042
56601
12254
53387
5173
48756
32764
17958
59606
57048
3029
3926
50066
40298
38924
14935
21120
38415
53575
15663
3311
26140
6021
51612
5891
40334
38326
3515
42197
10050
59134
44147
38076
58626
3040
37477
39954
52976
23454
53031
22419
26376
15510
5039
36563
37251
20368
42673
14585
37999
40154
54594
51063
6105
5876
58847
14417
59191
24399
28527
51924
51124
36483
48204
46722
40795
32051
7066
9322
28954
54295
33334
18118
30532
57135
31189
35446
18111
2644
48464
40578
12116
56622
35619
44806
20478
44684
26336
19768
36708
59395
7343
1370
49522
40069
44755
44893
4893
13205
49745
41153
4931
32225
23269
54577
6090
57019
12541
21498
46879
44313
44648
26698
54376
38914
7021
9000
12503
13205
52588
32377
24929
55257
34148
11487
10420
1074
31074
57407
15743
11674
31108
11106
25703
41942
21454
20359
8934
52774
6629
49121
43465
1870
33995
37889
30333
43730
19659
10374
16208
27711
28974
50775
56155
59583
6579
28761
2545
41066
42593
9532
9328
24430
21703
20779
43879
1116
7870
37564
11438
12576
55881
5972
50528
2681
7239
55612
59656
34843
53993
47071
23050
45725
56426
57194
6719
39637
28413
57288
56536
59264
46640
12028
15064
50038
45064
39519
30308
5051
47556
10138
55553
26410
20650
27715
26080
50746
2790
40706
36032
32979
40427
4303
16034
33902
49309
6953
768
56307
9550
50302
27263
53575
5702
38717
26170
37096
10400
25961
40804
58397
51166
28672
28186
49936
7619
22409
11444
34447
8851
16551
1111
49781
5609
2991
9453
21994
38871
59788
17442
7382
40436
13884
28070
13304
56908
22626
21254
41240
9279
47417
33535
37208
23410
33419
35810
5215
6030
57766
54047
35670
44551
20345
55374
47091
13504
45241
19901
35931
43621
12005
27865
11994
14220
2394
3881
43897
28263
2132
53778
33921
24487
45610
38275
6950
29124
45215
37072
33552
1410
44826
16086
55281
51419
26764
25121
40419
46844
17231
46186
37519
58739
30045
3797
27404
32886
30166
6501
22955
42109
28875
5351
15386
25273
309
26598
15801
45928
48205
51683
46402
40043
28998
21005
46866
59445
31107
15227
14031
8080
967
13611
59287
8366
42648
39634
35682
6461
2420
3290
650
31819
11072
16171
26981
26489
4800
9002
30278
38150
29690
31245
26269
34208
20148
46015
13874
24624
58227
57958
39562
27090
3850
47754
57161
53156
48898
17930
46335
19892
3133
57490
18285
42718
2619
3155
46263
21801
49464
50603
56834
28909
40912
13837
15739
28190
18214
7349
17674
14561
28642
45900
44032
51180
27649
27865
14609
32653
28770
5575
54358
11794
39981
52988
11202
24842
56025
48852
59552
27787
6158
26055
17886
6647
51177
22940
42910
47506
31020
20368
37711
12765
36624
44588
34411
37936
8677
17756
35490
25684
51065
19565
51068
48980
23707
55639
33194
59252
20535
49695
18024
1405
27785
22149
20080
33101
46901
42787
54531
41196
22289
38683
59463
52609
10838
57542
12821
16345
8789
25381
17462
23464
59903
17136
42838
32860
12394
21307
59410
35410
25102
27646
39812
21582
40360
47564
31533
55060
50352
39312
29025
39010
52652
28627
3819
44444
47162
31856
58432
39766
12909
7166
1825
44650
19316
35422
38709
15785
50498
1186
59587
53490
22148
35443
55887
26971
7803
58433
40715
27065
59147
34557
56110
45683
15637
1333
55086
44349
9346
55678
1252
28666
33503
29852
39311
37349
17535
25083
22796
16842
53790
43234
4001
49404
51917
41362
42632
10407
9586
57191
28591
40723
14225
33689
37556
13450
31715
18412
16029
4159
24098
29399
22588
42481
59639
33106
10222
57047
41415
27314
34507
32601
23147
16113
26165
28130
40862
51512
58587
53824
18195
52994
21996
50783
29142
22529
2656
27839
12463
31824
11213
16617
30141
44275
7557
50886
32286
7807
32781
19945
10391
25854
47081
8957
26508
59572
21282
47744
32132
6132
46774
51572
23109
13245
28851
46927
3401
3418
3590
23161
43262
48062
38404
14730
44419
54751
33817
38000
59450
8058
6903
58641
59942
5286
13728
16456
31574
9288
24297
48531
12488
29721
44021
15608
26573
24459
49731
32734
36897
20268
54192
27090
29466
41551
11308
25909
18091
33248
36706
45970
15903
32475
37377
32407
23987
30921
16420
8471
4890
